01111110
11000011
10011001
10011001
11110011
11100111
11100111
11111111
11100111
11100111
01111110
00000000
00000000
00000000
00000000
01110110
11011100
00000000
01110110
11011100
00000000
00000000
00000000
00000000
01101110
11011000
11011000
11011000
11011000
11011110
11011000
11011000
11011000
01101110
00000000
00000000
00000000
00000000
00000000
01101110
11011011
11011011
11011111
11011000
11011011
01101110
00000000
00000000
00000000
00000000
00010000
00111000
01111100
11111110
01111100
00111000
00010000
00000000
00000000
00000000
10001000
10001000
11111000
10001000
10001000
00000000
00111110
00001000
00001000
00001000
00001000
00000000
11111000
10000000
11100000
10000000
10000000
00000000
00111110
00100000
00111000
00100000
00100000
00000000
01111000
10000000
10000000
10000000
01111000
00000000
00111100
00100010
00111110
00100100
00100010
00000000
10000000
10000000
10000000
10000000
11111000
00000000
00111110
00100000
00111000
00100000
00100000
00000000
00100010
10001000
00100010
10001000
00100010
10001000
00100010
10001000
00100010
10001000
00100010
10001000
01010101
10101010
01010101
10101010
01010101
10101010
01010101
10101010
01010101
10101010
01010101
10101010
11101110
10111011
11101110
10111011
11101110
10111011
11101110
10111011
11101110
10111011
11101110
10111011
11111111
11111111
11111111
11111111
11111111
11111111
11111111
11111111
11111111
11111111
11111111
11111111
00000000
00000000
00000000
00000000
00000000
00000000
11111111
11111111
11111111
11111111
11111111
11111111
11111111
11111111
11111111
11111111
11111111
11111111
00000000
00000000
00000000
00000000
00000000
00000000
11110000
11110000
11110000
11110000
11110000
11110000
11110000
11110000
11110000
11110000
11110000
11110000
00001111
00001111
00001111
00001111
00001111
00001111
00001111
00001111
00001111
00001111
00001111
00001111
10001000
11001000
10101000
10011000
10001000
00000000
00100000
00100000
00100000
00100000
00111110
00000000
10001000
10001000
01010000
01010000
00100000
00000000
00111110
00001000
00001000
00001000
00001000
00000000
00000000
00000000
00000110
00001100
00011000
00110000
01111110
00000000
01111110
00000000
00000000
00000000
00000000
00000000
01100000
00110000
00011000
00001100
01111110
00000000
01111110
00000000
00000000
00000000
00000000
00000000
00000110
00001100
11111110
00111000
11111110
01100000
11000000
00000000
00000000
00000000
00000000
00000010
00001110
00111110
01111110
11111110
01111110
00111110
00001110
00000010
00000000
00000000
00000000
10000000
11100000
11110000
11111100
11111110
11111100
11110000
11100000
10000000
00000000
00000000
00000000
00011000
00111100
01111110
00011000
00011000
00011000
00011000
00011000
00011000
00000000
00000000
00000000
00011000
00011000
00011000
00011000
00011000
00011000
01111110
00111100
00011000
00000000
00000000
00000000
00000000
00000000
00011000
00001100
11111110
00001100
00011000
00000000
00000000
00000000
00000000
00000000
00000000
00000000
00110000
01100000
11111110
01100000
00110000
00000000
00000000
00000000
00000000
00000000
00011000
00111100
01111110
00011000
00011000
00011000
01111110
00111100
00011000
00000000
00000000
00000000
00000000
00000000
00101000
01101100
11111110
01101100
00101000
00000000
00000000
00000000
00000000
00000000
00000110
00000110
00110110
01100110
11111110
01100000
00110000
00000000
00000000
00000000
00000000
00000000
00000000
00000000
11000000
01111100
01101110
01101100
01101100
01101100
00000000
00000000
00000000
00000000
00000000
00000000
00000000
00000000
00000000
00000000
00000000
00000000
00000000
00000000
00000000
00000000
00011000
00111100
00111100
00111100
00011000
00011000
00000000
00011000
00011000
00000000
00000000
00000000
00110110
00110110
00010100
00000000
00000000
00000000
00000000
00000000
00000000
00000000
00000000
00000000
00000000
00000000
01101100
11111110
01101100
01101100
01101100
11111110
01101100
00000000
00000000
00000000
00010000
01111100
11010110
01110000
00111000
00011100
11010110
01111100
00010000
00000000
00000000
00000000
00000000
00000000
01100010
01100110
00001100
00011000
00110000
01100110
11000110
00000000
00000000
00000000
00111000
01101100
00111000
00111000
01110010
11111110
11001100
11001100
01110110
00000000
00000000
00011100
00011100
00001100
00011000
00000000
00000000
00000000
00000000
00000000
00000000
00000000
00000000
00000000
00001100
00011000
00110000
00110000
00110000
00110000
00110000
00011000
00001100
00000000
00000000
00000000
00110000
00011000
00001100
00001100
00001100
00001100
00001100
00011000
00110000
00000000
00000000
00000000
00000000
00000000
01101100
00111000
11111110
00111000
01101100
00000000
00000000
00000000
00000000
00000000
00000000
00000000
00011000
00011000
01111110
00011000
00011000
00000000
00000000
00000000
00000000
00000000
00000000
00000000
00000000
00000000
00000000
00000000
00001100
00001100
00001100
00011000
00000000
00000000
00000000
00000000
00000000
00000000
11111110
00000000
00000000
00000000
00000000
00000000
00000000
00000000
00000000
00000000
00000000
00000000
00000000
00000000
00000000
00011000
00011000
00000000
00000000
00000000
00000000
00000000
00000110
00001100
00011000
00110000
01100000
11000000
00000000
00000000
00000000
00000000
01111100
11000110
11000110
11000110
11010110
11000110
11000110
11000110
01111100
00000000
00000000
00000000
00011000
01111000
00011000
00011000
00011000
00011000
00011000
00011000
01111110
00000000
00000000
00000000
01111100
11000110
11000110
00001100
00011000
00110000
01100000
11000110
11111110
00000000
00000000
00000000
01111100
11000110
00000110
00000110
00111100
00000110
00000110
11000110
01111100
00000000
00000000
00000000
00001100
00011100
00111100
01101100
11001100
11111110
00001100
00001100
00001100
00000000
00000000
00000000
11111110
11000000
11000000
11000000
11111100
00000110
00000110
11000110
01111100
00000000
00000000
00000000
01111100
11000110
11000000
11000000
11111100
11000110
11000110
11000110
01111100
00000000
00000000
00000000
11111110
11000110
00001100
00011000
00110000
00110000
00110000
00110000
00110000
00000000
00000000
00000000
01111100
11000110
11000110
11000110
01111100
11000110
11000110
11000110
01111100
00000000
00000000
00000000
01111100
11000110
11000110
11000110
01111110
00000110
00000110
11000110
01111100
00000000
00000000
00000000
00000000
00000000
00001100
00001100
00000000
00000000
00001100
00001100
00000000
00000000
00000000
00000000
00000000
00000000
00001100
00001100
00000000
00000000
00001100
00001100
00001100
00011000
00000000
00000000
00001100
00011000
00110000
01100000
11000000
01100000
00110000
00011000
00001100
00000000
00000000
00000000
00000000
00000000
00000000
11111110
00000000
11111110
00000000
00000000
00000000
00000000
00000000
00000000
01100000
00110000
00011000
00001100
00000110
00001100
00011000
00110000
01100000
00000000
00000000
00000000
01111100
11000110
11000110
00001100
00011000
00011000
00000000
00011000
00011000
00000000
00000000
00000000
01111100
11000110
11000110
11011110
11011110
11011110
11011100
11000000
01111110
00000000
00000000
00000000
00111000
01101100
11000110
11000110
11000110
11111110
11000110
11000110
11000110
00000000
00000000
00000000
11111100
01100110
01100110
01100110
01111100
01100110
01100110
01100110
11111100
00000000
00000000
00000000
00111100
01100110
11000000
11000000
11000000
11000000
11000000
01100110
00111100
00000000
00000000
00000000
11111000
01101100
01100110
01100110
01100110
01100110
01100110
01101100
11111000
00000000
00000000
00000000
11111110
01100110
01100000
01100000
01111100
01100000
01100000
01100110
11111110
00000000
00000000
00000000
11111110
01100110
01100000
01100000
01111100
01100000
01100000
01100000
11110000
00000000
00000000
00000000
01111100
11000110
11000110
11000000
11000000
11001110
11000110
11000110
01111100
00000000
00000000
00000000
11000110
11000110
11000110
11000110
11111110
11000110
11000110
11000110
11000110
00000000
00000000
00000000
00111100
00011000
00011000
00011000
00011000
00011000
00011000
00011000
00111100
00000000
00000000
00000000
00111100
00011000
00011000
00011000
00011000
00011000
11011000
11011000
01110000
00000000
00000000
00000000
11000110
11001100
11011000
11110000
11110000
11011000
11001100
11000110
11000110
00000000
00000000
00000000
11110000
01100000
01100000
01100000
01100000
01100000
01100010
01100110
11111110
00000000
00000000
00000000
11000110
11000110
11101110
11111110
11010110
11010110
11010110
11000110
11000110
00000000
00000000
00000000
11000110
11000110
11100110
11100110
11110110
11011110
11001110
11001110
11000110
00000000
00000000
00000000
01111100
11000110
11000110
11000110
11000110
11000110
11000110
11000110
01111100
00000000
00000000
00000000
11111100
01100110
01100110
01100110
01111100
01100000
01100000
01100000
11110000
00000000
00000000
00000000
01111100
11000110
11000110
11000110
11000110
11000110
11000110
11010110
01111100
00000110
00000000
00000000
11111100
01100110
01100110
01100110
01111100
01111000
01101100
01100110
11100110
00000000
00000000
00000000
01111100
11000110
11000000
01100000
00111000
00001100
00000110
11000110
01111100
00000000
00000000
00000000
01111110
01011010
00011000
00011000
00011000
00011000
00011000
00011000
00111100
00000000
00000000
00000000
11000110
11000110
11000110
11000110
11000110
11000110
11000110
11000110
01111100
00000000
00000000
00000000
11000110
11000110
11000110
11000110
11000110
11000110
01101100
00111000
00010000
00000000
00000000
00000000
11000110
11000110
11010110
11010110
11010110
11111110
11101110
11000110
11000110
00000000
00000000
00000000
11000110
11000110
01101100
00111000
00111000
00111000
01101100
11000110
11000110
00000000
00000000
00000000
01100110
01100110
01100110
01100110
00111100
00011000
00011000
00011000
00111100
00000000
00000000
00000000
11111110
11000110
10001100
00011000
00110000
01100000
11000010
11000110
11111110
00000000
00000000
00000000
01111100
01100000
01100000
01100000
01100000
01100000
01100000
01100000
01111100
00000000
00000000
00000000
00000000
00000000
11000000
01100000
00110000
00011000
00001100
00000110
00000000
00000000
00000000
00000000
01111100
00001100
00001100
00001100
00001100
00001100
00001100
00001100
01111100
00000000
00000000
00000000
00011000
00111100
01100110
00000000
00000000
00000000
00000000
00000000
00000000
00000000
00000000
00000000
00000000
00000000
00000000
00000000
00000000
00000000
00000000
00000000
00000000
00000000
11111111
00011100
00011100
00011000
00001100
00000000
00000000
00000000
00000000
00000000
00000000
00000000
00000000
00000000
00000000
00000000
00000000
01111000
00001100
01111100
11001100
11011100
01110110
00000000
00000000
00000000
11100000
01100000
01100000
01111100
01100110
01100110
01100110
01100110
11111100
00000000
00000000
00000000
00000000
00000000
00000000
01111100
11000110
11000000
11000000
11000110
01111100
00000000
00000000
00000000
00011100
00001100
00001100
01111100
11001100
11001100
11001100
11001100
01111110
00000000
00000000
00000000
00000000
00000000
00000000
01111100
11000110
11111110
11000000
11000110
01111100
00000000
00000000
00000000
00011100
00110110
00110000
00110000
11111100
00110000
00110000
00110000
01111000
00000000
00000000
00000000
00000000
00000000
00000000
01110110
11001110
11000110
11000110
01111110
00000110
11000110
01111100
00000000
11100000
01100000
01100000
01101100
01110110
01100110
01100110
01100110
11100110
00000000
00000000
00000000
00011000
00011000
00000000
00111000
00011000
00011000
00011000
00011000
00111100
00000000
00000000
00000000
00000000
00001100
00001100
00000000
00011100
00001100
00001100
00001100
11001100
11001100
01111000
00000000
11100000
01100000
01100000
01100110
01101100
01111000
01101100
01100110
11100110
00000000
00000000
00000000
01110000
00110000
00110000
00110000
00110000
00110000
00110000
00110100
00011000
00000000
00000000
00000000
00000000
00000000
00000000
01101100
11111110
11010110
11010110
11000110
11000110
00000000
00000000
00000000
00000000
00000000
00000000
11011100
01100110
01100110
01100110
01100110
01100110
00000000
00000000
00000000
00000000
00000000
00000000
01111100
11000110
11000110
11000110
11000110
01111100
00000000
00000000
00000000
00000000
00000000
00000000
11011100
01100110
01100110
01100110
01111100
01100000
01100000
11110000
00000000
00000000
00000000
00000000
01110110
11001100
11001100
11001100
01111100
00001100
00001100
00011110
00000000
00000000
00000000
00000000
11011100
01100110
01100000
01100000
01100000
11110000
00000000
00000000
00000000
00000000
00000000
00000000
01111100
11000110
01110000
00011100
11000110
01111100
00000000
00000000
00000000
00110000
00110000
00110000
11111100
00110000
00110000
00110000
00110110
00011100
00000000
00000000
00000000
00000000
00000000
00000000
11001100
11001100
11001100
11001100
11001100
01110110
00000000
00000000
00000000
00000000
00000000
00000000
11000110
11000110
11000110
01101100
00111000
00010000
00000000
00000000
00000000
00000000
00000000
00000000
11000110
11000110
11010110
11010110
11111110
01101100
00000000
00000000
00000000
00000000
00000000
00000000
11000110
01101100
00111000
00111000
01101100
11000110
00000000
00000000
00000000
00000000
00000000
00000000
11000110
11000110
11000110
11001110
01110110
00000110
11000110
01111100
00000000
00000000
00000000
00000000
11111110
10001100
00011000
00110000
01100010
11111110
00000000
00000000
00000000
00001110
00011000
00011000
00011000
01110000
00011000
00011000
00011000
00001110
00000000
00000000
00000000
00011000
00011000
00011000
00011000
00011000
00011000
00011000
00011000
00011000
00000000
00000000
00000000
01110000
00011000
00011000
00011000
00001110
00011000
00011000
00011000
01110000
00000000
00000000
00000000
01110110
11011100
00000000
00000000
00000000
00000000
00000000
00000000
00000000
00000000
00000000
01100110
01100110
00000000
01100110
01100110
01100110
00111100
00011000
00011000
00111100
00000000
00000000
00110000
00011000
00000000
00111000
01101100
11000110
11000110
11111110
11000110
11000110
00000000
00000000
00011000
00110000
00000000
00111000
01101100
11000110
11000110
11111110
11000110
11000110
00000000
00000000
00111000
01101100
00111000
00000000
01111100
11000110
11000110
11111110
11000110
11000110
00000000
00000000
01110110
11011100
00000000
00111000
01101100
11000110
11000110
11111110
11000110
11000110
00000000
00000000
01101100
01101100
00000000
00111000
01101100
11000110
11000110
11111110
11000110
11000110
00000000
00000000
00111000
01101100
00111000
00000000
01111100
11000110
11000110
11111110
11000110
11000110
00000000
00000000
01111110
11011000
11011000
11011000
11011000
11111110
11011000
11011000
11011000
11011110
00000000
00000000
00000000
00111100
01100110
11000000
11000000
11000000
11000110
01100110
00111100
00011000
11001100
00111000
00011000
00001100
00000000
11111110
01100110
01100000
01111100
01100000
01100110
11111110
00000000
00000000
00011000
00110000
00000000
11111110
01100110
01100000
01111100
01100000
01100110
11111110
00000000
00000000
00111000
01101100
00000000
11111110
01100110
01100000
01111100
01100000
01100110
11111110
00000000
00000000
01101100
01101100
00000000
11111110
01100110
01100000
01111100
01100000
01100110
11111110
00000000
00000000
00011000
00001100
00000000
00111100
00011000
00011000
00011000
00011000
00011000
00111100
00000000
00000000
00011000
00110000
00000000
00111100
00011000
00011000
00011000
00011000
00011000
00111100
00000000
00000000
00111100
01100110
00000000
00111100
00011000
00011000
00011000
00011000
00011000
00111100
00000000
00000000
01100110
01100110
00000000
00111100
00011000
00011000
00011000
00011000
00011000
00111100
00000000
00000000
00000000
11111000
01101100
01100110
01100110
11110110
01100110
01100110
01101100
11111000
00000000
00000000
01110110
11011100
00000000
11000110
11100110
11110110
11011110
11001110
11000110
11000110
00000000
00000000
00110000
00011000
00000000
01111100
11000110
11000110
11000110
11000110
11000110
01111100
00000000
00000000
00011000
00110000
00000000
01111100
11000110
11000110
11000110
11000110
11000110
01111100
00000000
00000000
00111000
01101100
00000000
01111100
11000110
11000110
11000110
11000110
11000110
01111100
00000000
00000000
01110110
11011100
00000000
01111100
11000110
11000110
11000110
11000110
11000110
01111100
00000000
00000000
01101100
01101100
00000000
01111100
11000110
11000110
11000110
11000110
11000110
01111100
00000000
00000000
00000000
00000000
00000000
00000000
01101100
00111000
00111000
01101100
00000000
00000000
00000000
00000000
00000000
01111110
11000110
11001110
11011110
11010110
11110110
11100110
11000110
11111100
00000000
00000000
00110000
00011000
00000000
11000110
11000110
11000110
11000110
11000110
11000110
01111100
00000000
00000000
00011000
00110000
00000000
11000110
11000110
11000110
11000110
11000110
11000110
01111100
00000000
00000000
00111000
01101100
00000000
11000110
11000110
11000110
11000110
11000110
11000110
01111100
00000000
00000000
01101100
01101100
00000000
11000110
11000110
11000110
11000110
11000110
11000110
01111100
00000000
00000000
00001100
00011000
00000000
01100110
01100110
01100110
00111100
00011000
00011000
00111100
00000000
00000000
00000000
11110000
01100000
01111100
01100110
01100110
01100110
01111100
01100000
11110000
00000000
00000000
00000000
01111100
11000110
11000110
11000110
11001100
11000110
11000110
11010110
11011100
10000000
00000000
00000000
00000000
00000000
00000000
00000000
00000000
00000000
00000000
00000000
10000010
11111110
00000000
00000000
00000000
00000000
00011000
00011000
00000000
00011000
00011000
00111100
00111100
00111100
00011000
00000000
00000000
00010000
01111100
11010110
11010000
11010000
11010110
01111100
00010000
00000000
00000000
00000000
00111000
01101100
01100000
01100000
11110000
01100000
01100110
11110110
01101100
00000000
00000000
00000000
00111100
01100010
01100000
11111000
01100000
11111000
01100000
01100010
00111100
00000000
00000000
00000000
01100110
01100110
00111100
00011000
01111110
00011000
00111100
00011000
00011000
00000000
00000000
01101100
00111000
00000000
01111100
11000110
11000000
01111100
00000110
11000110
01111100
00000000
00000000
01111100
11000110
11000110
01100000
01111100
11000110
11000110
01111100
00001100
11000110
11000110
01111100
00000000
01101100
00111000
00000000
01111100
11000110
01110000
00011100
11000110
01111100
00000000
00000000
01111110
10000001
10011001
10100101
10100001
10100001
10100101
10011001
10000001
01111110
00000000
00000000
00111100
01101100
01101100
00111110
00000000
01111110
00000000
00000000
00000000
00000000
00000000
00000000
00000000
00000000
00000000
00110110
01101100
11011000
01101100
00110110
00000000
00000000
00000000
00000000
00000000
00000000
00000000
00000000
00000000
01111110
00000110
00000110
00000110
00000000
00000000
00000000
00000000
00000000
00000000
00000000
00000000
01111110
00000000
00000000
00000000
00000000
00000000
00000000
01111110
10000001
10111001
10100101
10100101
10111001
10100101
10100101
10000001
01111110
00000000
00000000
11111111
00000000
00000000
00000000
00000000
00000000
00000000
00000000
00000000
00000000
00000000
00000000
00000000
00111000
01101100
00111000
00000000
00000000
00000000
00000000
00000000
00000000
00000000
00000000
00000000
00000000
00000000
00011000
00011000
01111110
00011000
00011000
00000000
01111110
00000000
00000000
00000000
00111000
01101100
00011000
00110000
01111100
00000000
00000000
00000000
00000000
00000000
00000000
00000000
00111000
01101100
00011000
01101100
00111000
00000000
00000000
00000000
00000000
00000000
00000000
01101100
00111000
00000000
11111110
11000110
00001100
00111000
01100010
11000110
11111110
00000000
00000000
00000000
00000000
00000000
00000000
11001100
11001100
11001100
11001100
11001100
11110110
11000000
11000000
00000000
01111111
11011011
11011011
11011011
01111011
00011011
00011011
00011011
00011011
00000000
00000000
00000000
00000000
00000000
00000000
00000000
00011000
00011000
00000000
00000000
00000000
00000000
00000000
00000000
01101100
00111000
00000000
11111110
10001100
00011000
00110000
01100010
11111110
00000000
00000000
00000000
00110000
01110000
00110000
00110000
01111000
00000000
00000000
00000000
00000000
00000000
00000000
00111000
01101100
01101100
00111000
00000000
01111100
00000000
00000000
00000000
00000000
00000000
00000000
00000000
00000000
00000000
11011000
01101100
00110110
01101100
11011000
00000000
00000000
00000000
00000000
00000000
01101110
11011011
11011011
11011111
11011000
11011000
11011001
11011111
01101110
00000000
00000000
00000000
00000000
00000000
00000000
01101100
11011010
11011110
11011000
11011010
01101100
00000000
00000000
01100110
01100110
00000000
01100110
01100110
00111100
00011000
00011000
00011000
00111100
00000000
00000000
00000000
00000000
00000000
00110000
00110000
00000000
00110000
00110000
01100000
11000110
11000110
01111100
00000000
00000000
11111111
00000000
00000000
00000000
00000000
00000000
00000000
00000000
00000000
00000000
00011000
00011000
00011000
00011000
00011000
00011000
00000000
00000000
00000000
00000000
00000000
00000000
00000000
00000000
00000000
00000000
00000000
00011111
00000000
00000000
00000000
00000000
00000000
00000000
00011000
00011000
00011000
00011000
00011000
00011111
00000000
00000000
00000000
00000000
00000000
00000000
00000000
00000000
00000000
00000000
00000000
00011000
00011000
00011000
00011000
00011000
00011000
00011000
00011000
00011000
00011000
00011000
00011000
00011000
00011000
00011000
00011000
00011000
00011000
00011000
00000000
00000000
00000000
00000000
00000000
00011111
00011000
00011000
00011000
00011000
00011000
00011000
00011000
00011000
00011000
00011000
00011000
00011111
00011000
00011000
00011000
00011000
00011000
00011000
00000000
00000000
00000000
00000000
00000000
11111000
00000000
00000000
00000000
00000000
00000000
00000000
00011000
00011000
00011000
00011000
00011000
11111000
00000000
00000000
00000000
00000000
00000000
00000000
00000000
00000000
00000000
00000000
00000000
11111111
00000000
00000000
00000000
00000000
00000000
00000000
00011000
00011000
00011000
00011000
00011000
11111111
00000000
00000000
00000000
00000000
00000000
00000000
00000000
00000000
00000000
00000000
00000000
11111000
00011000
00011000
00011000
00011000
00011000
00011000
00011000
00011000
00011000
00011000
00011000
11111000
00011000
00011000
00011000
00011000
00011000
00011000
00000000
00000000
00000000
00000000
00000000
11111111
00011000
00011000
00011000
00011000
00011000
00011000
00011000
00011000
00011000
00011000
00011000
11111111
00011000
00011000
00011000
00011000
00011000
00011000
00000000
00000000
00000000
00000000
00000000
00000000
00000000
11111111
00000000
00000000
00000000
00000000
01101100
01101100
01101100
01101100
01101100
01101100
01111100
00000000
00000000
00000000
00000000
00000000
00000000
00000000
00000000
00000000
00111111
00110000
00111111
00000000
00000000
00000000
00000000
00000000
01101100
01101100
01101100
01101100
01101111
01100000
01111111
00000000
00000000
00000000
00000000
00000000
00000000
00000000
00000000
00000000
01111100
01101100
01101100
01101100
01101100
01101100
01101100
01101100
01101100
01101100
01101100
01101100
01101100
01101100
01101100
01101100
01101100
01101100
01101100
01101100
00000000
00000000
00000000
00000000
01111111
01100000
01101111
01101100
01101100
01101100
01101100
01101100
01101100
01101100
01101100
01101100
01101111
01100000
01101111
01101100
01101100
01101100
01101100
01101100
00000000
00000000
00000000
00000000
11111100
00001100
11111100
00000000
00000000
00000000
00000000
00000000
01101100
01101100
01101100
01101100
11101100
00001100
11111100
00000000
00000000
00000000
00000000
00000000
00000000
00000000
00000000
00000000
11111111
00000000
11111111
00000000
00000000
00000000
00000000
00000000
01101100
01101100
01101100
01101100
11101111
00000000
11111111
00000000
00000000
00000000
00000000
00000000
00000000
00000000
00000000
00000000
11111100
00001100
11101100
01101100
01101100
01101100
01101100
01101100
01101100
01101100
01101100
01101100
11101100
00001100
11101100
01101100
01101100
01101100
01101100
01101100
00000000
00000000
00000000
00000000
11111111
00000000
11101111
01101100
01101100
01101100
01101100
01101100
01101100
01101100
01101100
01101100
11101111
00000000
11101111
01101100
01101100
01101100
01101100
01101100
01100000
00110000
00011000
00000000
01111000
00001100
01111100
11001100
11011100
01110110
00000000
00000000
00011000
00110000
01100000
00000000
01111000
00001100
01111100
11001100
11011100
01110110
00000000
00000000
00110000
01111000
11001100
00000000
01111000
00001100
01111100
11001100
11011100
01110110
00000000
00000000
00000000
01110110
11011100
00000000
01111000
00001100
01111100
11001100
11011100
01110110
00000000
00000000
00000000
01101100
01101100
00000000
01111000
00001100
01111100
11001100
11011100
01110110
00000000
00000000
00111000
01101100
00111000
00000000
01111000
00001100
01111100
11001100
11011100
01110110
00000000
00000000
00000000
00000000
00000000
01111110
11011011
00011011
01111111
11011000
11011011
01111110
00000000
00000000
00000000
00000000
00000000
01111100
11000110
11000000
11000000
11000110
01111100
00011000
01101100
00111000
00110000
00011000
00001100
00000000
01111100
11000110
11111110
11000000
11000110
01111100
00000000
00000000
00001100
00011000
00110000
00000000
01111100
11000110
11111110
11000000
11000110
01111100
00000000
00000000
00010000
00111000
01101100
00000000
01111100
11000110
11111110
11000000
11000110
01111100
00000000
00000000
00000000
01101100
01101100
00000000
01111100
11000110
11111110
11000000
11000110
01111100
00000000
00000000
01100000
00110000
00011000
00000000
00111000
00011000
00011000
00011000
00011000
00111100
00000000
00000000
00001100
00011000
00110000
00000000
00111000
00011000
00011000
00011000
00011000
00111100
00000000
00000000
00011000
00111100
01100110
00000000
00111000
00011000
00011000
00011000
00011000
00111100
00000000
00000000
00000000
01101100
01101100
00000000
00111000
00011000
00011000
00011000
00011000
00111100
00000000
00000000
01111000
00110000
01111000
00001100
01111110
11000110
11000110
11000110
11000110
01111100
00000000
00000000
00000000
01110110
11011100
00000000
11011100
01100110
01100110
01100110
01100110
01100110
00000000
00000000
01100000
00110000
00011000
00000000
01111100
11000110
11000110
11000110
11000110
01111100
00000000
00000000
00001100
00011000
00110000
00000000
01111100
11000110
11000110
11000110
11000110
01111100
00000000
00000000
00010000
00111000
01101100
00000000
01111100
11000110
11000110
11000110
11000110
01111100
00000000
00000000
00000000
01110110
11011100
00000000
01111100
11000110
11000110
11000110
11000110
01111100
00000000
00000000
00000000
01101100
01101100
00000000
01111100
11000110
11000110
11000110
11000110
01111100
00000000
00000000
00000000
00000000
00011000
00011000
00000000
01111110
00000000
00011000
00011000
00000000
00000000
00000000
00000000
00000000
00000000
00000000
01111110
11001110
11011110
11110110
11100110
11111100
00000000
00000000
11000000
01100000
00110000
00000000
11001100
11001100
11001100
11001100
11001100
01110110
00000000
00000000
00001100
00011000
00110000
00000000
11001100
11001100
11001100
11001100
11001100
01110110
00000000
00000000
00110000
01111000
11001100
00000000
11001100
11001100
11001100
11001100
11001100
01110110
00000000
00000000
00000000
11001100
11001100
00000000
11001100
11001100
11001100
11001100
11001100
01110110
00000000
00000000
00001100
00011000
00110000
00000000
11000110
11000110
11000110
11001110
01110110
00000110
11000110
01111100
00000000
11110000
01100000
01100000
01111000
01101100
01101100
01101100
01111000
01100000
01100000
11110000
00000000
11000110
11000110
00000000
11000110
11000110
11000110
11001110
01110110
00000110
11000110
01111100
11111101
11111111
11111111
11111111
01001000
00100010
11111111
11111111
01010010
00000001
11111111
11111111
01010011
00000001
11111111
11111111
11000110
00100101
11111111
11111111
00001001
00100100
11111111
11111111
00001100
00100100
11111111
11111111
00001101
00100100
11111111
11111111
00001010
00100100
11111111
11111111
10010001
00100101
11111111
11111111
10010010
00100101
11111111
11111111
10010011
00100101
11111111
11111111
10001000
00100101
11111111
11111111
10000100
00100101
11111111
11111111
10000000
00100101
11111111
11111111
10001100
00100101
11111111
11111111
10010000
00100101
11111111
11111111
00100100
00100100
11111111
11111111
00001011
00100100
11111111
11111111
01100100
00100010
11111111
11111111
01100101
00100010
11111111
11111111
01100000
00100010
11111111
11111111
11000000
00100101
11111111
11111111
10110110
00100101
11111111
11111111
10010001
00100001
11111111
11111111
10010011
00100001
11111111
11111111
10010010
00100001
11111111
11111111
10010000
00100001
11111111
11111111
10010101
00100001
11111111
11111111
10010100
00100001
11111111
11111111
10110101
00100001
11111111
11111111
11000000
00000011
11111111
11111111
00100000
00000000
10100000
00000000
11111111
11111111
00100001
00000000
11111111
11111111
00100010
00000000
11111111
11111111
00100011
00000000
11111111
11111111
00100100
00000000
11111111
11111111
00100101
00000000
11111111
11111111
00100110
00000000
11111111
11111111
00100111
00000000
11111111
11111111
00101000
00000000
11111111
11111111
00101001
00000000
11111111
11111111
00101010
00000000
11111111
11111111
00101011
00000000
11111111
11111111
00101100
00000000
11111111
11111111
00101101
00000000
11111111
11111111
00101110
00000000
11111111
11111111
00101111
00000000
11111111
11111111
00110000
00000000
11111111
11111111
00110001
00000000
11111111
11111111
00110010
00000000
11111111
11111111
00110011
00000000
11111111
11111111
00110100
00000000
11111111
11111111
00110101
00000000
11111111
11111111
00110110
00000000
11111111
11111111
00110111
00000000
11111111
11111111
00111000
00000000
11111111
11111111
00111001
00000000
11111111
11111111
00111010
00000000
11111111
11111111
00111011
00000000
11111111
11111111
00111100
00000000
11111111
11111111
00111101
00000000
11111111
11111111
00111110
00000000
11111111
11111111
00111111
00000000
11111111
11111111
01000000
00000000
11111111
11111111
01000001
00000000
11111111
11111111
01000010
00000000
11111111
11111111
01000011
00000000
11111111
11111111
01000100
00000000
11111111
11111111
01000101
00000000
11111111
11111111
01000110
00000000
11111111
11111111
01000111
00000000
11111111
11111111
01001000
00000000
11111111
11111111
01001001
00000000
11111111
11111111
01001010
00000000
11111111
11111111
01001011
00000000
00101010
00100001
11111111
11111111
01001100
00000000
11111111
11111111
01001101
00000000
11111111
11111111
01001110
00000000
11111111
11111111
01001111
00000000
11111111
11111111
01010000
00000000
11111111
11111111
01010001
00000000
11111111
11111111
01010010
00000000
11111111
11111111
01010011
00000000
11111111
11111111
01010100
00000000
11111111
11111111
01010101
00000000
11111111
11111111
01010110
00000000
11111111
11111111
01010111
00000000
11111111
11111111
01011000
00000000
11111111
11111111
01011001
00000000
11111111
11111111
01011010
00000000
11111111
11111111
01011011
00000000
11111111
11111111
01011100
00000000
11111111
11111111
01011101
00000000
11111111
11111111
01011110
00000000
11111111
11111111
01011111
00000000
00000100
11111000
11111111
11111111
01100000
00000000
11111111
11111111
01100001
00000000
11111111
11111111
01100010
00000000
11111111
11111111
01100011
00000000
11111111
11111111
01100100
00000000
11111111
11111111
01100101
00000000
11111111
11111111
01100110
00000000
11111111
11111111
01100111
00000000
11111111
11111111
01101000
00000000
11111111
11111111
01101001
00000000
11111111
11111111
01101010
00000000
11111111
11111111
01101011
00000000
11111111
11111111
01101100
00000000
11111111
11111111
01101101
00000000
11111111
11111111
01101110
00000000
11111111
11111111
01101111
00000000
11111111
11111111
01110000
00000000
11111111
11111111
01110001
00000000
11111111
11111111
01110010
00000000
11111111
11111111
01110011
00000000
11111111
11111111
01110100
00000000
11111111
11111111
01110101
00000000
11111111
11111111
01110110
00000000
11111111
11111111
01110111
00000000
11111111
11111111
01111000
00000000
11111111
11111111
01111001
00000000
11111111
11111111
01111010
00000000
11111111
11111111
01111011
00000000
11111111
11111111
01111100
00000000
11111111
11111111
01111101
00000000
11111111
11111111
01111110
00000000
11111111
11111111
01111000
00000001
11111111
11111111
11000000
00000000
11111111
11111111
11000001
00000000
11111111
11111111
11000010
00000000
11111111
11111111
11000011
00000000
11111111
11111111
11000100
00000000
11111111
11111111
11000101
00000000
00101011
00100001
11111111
11111111
11000110
00000000
11111111
11111111
11000111
00000000
11111111
11111111
11001000
00000000
11111111
11111111
11001001
00000000
11111111
11111111
11001010
00000000
11111111
11111111
11001011
00000000
11111111
11111111
11001100
00000000
11111111
11111111
11001101
00000000
11111111
11111111
11001110
00000000
11111111
11111111
11001111
00000000
11111111
11111111
11010000
00000000
11111111
11111111
11010001
00000000
11111111
11111111
11010010
00000000
11111111
11111111
11010011
00000000
11111111
11111111
11010100
00000000
11111111
11111111
11010101
00000000
11111111
11111111
11010110
00000000
11111111
11111111
11010111
00000000
11111111
11111111
11011000
00000000
11111111
11111111
11011001
00000000
11111111
11111111
11011010
00000000
11111111
11111111
11011011
00000000
11111111
11111111
11011100
00000000
11111111
11111111
11011101
00000000
11111111
11111111
11011110
00000000
11111111
11111111
11011111
00000000
11111111
11111111
00100011
00100100
11111111
11111111
10100001
00000000
11111111
11111111
10100010
00000000
11111111
11111111
10100011
00000000
11111111
11111111
10101100
00100000
10100100
00000000
11111111
11111111
10100101
00000000
11111111
11111111
10100110
00000000
11111111
11111111
10100111
00000000
11111111
11111111
10101000
00000000
11111111
11111111
10101001
00000000
11111111
11111111
10101010
00000000
11111111
11111111
10101011
00000000
11111111
11111111
10101100
00000000
11111111
11111111
10101101
00000000
11111111
11111111
10101110
00000000
11111111
11111111
10101111
00000000
00000000
11111000
11111111
11111111
10110000
00000000
11111111
11111111
10110001
00000000
11111111
11111111
10110010
00000000
11111111
11111111
10110011
00000000
11111111
11111111
10110100
00000000
11111111
11111111
10110101
00000000
11111111
11111111
10110110
00000000
11111111
11111111
10110111
00000000
11111111
11111111
10111000
00000000
11111111
11111111
10111001
00000000
11111111
11111111
10111010
00000000
11111111
11111111
10111011
00000000
11111111
11111111
10111100
00000000
11111111
11111111
10111101
00000000
11111111
11111111
10111110
00000000
11111111
11111111
10111111
00000000
11111111
11111111
00000001
11111000
11111111
11111111
01110101
00100101
11111111
11111111
01110110
00100101
11111111
11111111
00010100
00100101
11111111
11111111
01110111
00100101
11111111
11111111
00000010
00100101
11111111
11111111
00001100
00100101
11111111
11111111
00011100
00100101
11111111
11111111
01110100
00100101
11111111
11111111
00011000
00100101
11111111
11111111
00000000
00100101
11111111
11111111
00110100
00100101
11111111
11111111
00010000
00100101
11111111
11111111
00100100
00100101
11111111
11111111
00101100
00100101
11111111
11111111
00111100
00100101
11111111
11111111
00000011
11111000
11111111
11111111
01111001
00100101
11111111
11111111
01111010
00100101
11111111
11111111
00010111
00100101
01011010
00100101
11111111
11111111
01111011
00100101
11111111
11111111
00000011
00100101
01010001
00100101
11111111
11111111
00001111
00100101
01010100
00100101
11111111
11111111
00100011
00100101
01100000
00100101
11111111
11111111
01111000
00100101
11111111
11111111
00011011
00100101
01011101
00100101
11111111
11111111
00000001
00100101
01010000
00100101
11111111
11111111
00111011
00100101
01101001
00100101
11111111
11111111
00010011
00100101
01010111
00100101
11111111
11111111
01100011
00100101
00101011
00100101
11111111
11111111
00110011
00100101
01100110
00100101
11111111
11111111
01001011
00100101
01101100
00100101
11111111
11111111
11100000
00000000
11111111
11111111
11100001
00000000
11111111
11111111
11100010
00000000
11111111
11111111
11100011
00000000
11111111
11111111
11100100
00000000
11111111
11111111
11100101
00000000
11111111
11111111
11100110
00000000
11111111
11111111
11100111
00000000
11111111
11111111
11101000
00000000
11111111
11111111
11101001
00000000
11111111
11111111
11101010
00000000
11111111
11111111
11101011
00000000
11111111
11111111
11101100
00000000
11111111
11111111
11101101
00000000
11111111
11111111
11101110
00000000
11111111
11111111
11101111
00000000
11111111
11111111
11110000
00000000
11111111
11111111
11110001
00000000
11111111
11111111
11110010
00000000
11111111
11111111
11110011
00000000
11111111
11111111
11110100
00000000
11111111
11111111
11110101
00000000
11111111
11111111
11110110
00000000
11111111
11111111
11110111
00000000
11111111
11111111
11111000
00000000
11111111
11111111
11111001
00000000
11111111
11111111
11111010
00000000
11111111
11111111
11111011
00000000
11111111
11111111
11111100
00000000
11111111
11111111
11111101
00000000
11111111
11111111
11111110
00000000
11111111
11111111
11111111
00000000
11111111
11111111
